a =

    0.2125


b =

    27


c =

    10


d =

     6


e =

    11